# Dataset Distribution Table

## Table 1: Distribution of Evaluation Prompts Across Content Policies and Variants

| Content Policy | Direct | Simple Paraphrase | Adversarial Paraphrase | Total |
|:---------------|-------:|------------------:|-----------------------:|------:|
| **Jailbreak Attempt** | 1989 | 1989 | 1990 | **5968** |
| **Illegal Activity** | 62 | 62 | 62 | **186** |
| **Physical Harm** | 47 | 47 | 46 | **140** |
| **Hate Speech** | 42 | 42 | 42 | **126** |
| **Economic Harm** | 41 | 41 | 41 | **123** |
| **Health Consultation** | 38 | 38 | 38 | **114** |
| **Pornography** | 38 | 38 | 38 | **114** |
| **Malware** | 38 | 38 | 38 | **114** |
| **Gov Decision** | 36 | 36 | 36 | **108** |
| **Political Lobbying** | 36 | 36 | 36 | **108** |
| **Fraud** | 35 | 35 | 35 | **105** |
| **Financial Advice** | 35 | 35 | 35 | **105** |
| **Privacy Violence** | 35 | 35 | 35 | **105** |
| **Legal Opinion** | 28 | 28 | 28 | **84** |
| **TOTAL** | **2500** | **2500** | **2500** | **7500** |

---

**Caption:** Distribution of the 7,500 evaluation prompts across 13 content policies and three prompt variants (Direct, Simple Paraphrase, and Adversarial Paraphrase). The dataset maintains balanced coverage with 2,500 prompts per variant, ensuring systematic evaluation of the model's robustness across different attack vectors.

---

## Alternative: Compact Version

| Content Policy | Direct | Simple Paraphrase | Adversarial | Total |
|:---|---:|---:|---:|---:|
| Jailbreak Attempt | 1989 | 1989 | 1990 | 5968 |
| Illegal Activity | 62 | 62 | 62 | 186 |
| Physical Harm | 47 | 47 | 46 | 140 |
| Hate Speech | 42 | 42 | 42 | 126 |
| Economic Harm | 41 | 41 | 41 | 123 |
| Health Consultation | 38 | 38 | 38 | 114 |
| Pornography | 38 | 38 | 38 | 114 |
| Malware | 38 | 38 | 38 | 114 |
| Gov Decision | 36 | 36 | 36 | 108 |
| Political Lobbying | 36 | 36 | 36 | 108 |
| Fraud | 35 | 35 | 35 | 105 |
| Financial Advice | 35 | 35 | 35 | 105 |
| Privacy Violence | 35 | 35 | 35 | 105 |
| Legal Opinion | 28 | 28 | 28 | 84 |
| **TOTAL** | **2500** | **2500** | **2500** | **7500** |
